image_width: 1920
image_height: 1080
camera_name: 21511095
camera_matrix:
  rows: 3
  cols: 3
  data: [2873.37050308604, 0, 813.228181525415, 0, 2885.49549830538, 707.730364154646, 0, 0, 1]
distortion_model: plumb_bob
distortion_coefficients:
  rows: 1
  cols: 5
  data: [-0.0665005208693663, 0.190787611948702, 0.00795806259449772, -0.0175755051032715, 0]
rectification_matrix:
  rows: 3
  cols: 3
  data: [1, 0, 0, 0, 1, 0, 0, 0, 1]
projection_matrix:
  rows: 3
  cols: 4
  data: [2844.98291015625, 0, 794.701752765468, 0, 0, 2887.91845703125, 711.258288318146, 0, 0, 0, 1, 0]