image_width: 1920
image_height: 1080
camera_name: 21516700
camera_matrix:
  rows: 3
  cols: 3
  data: [2914.542505, 0.0, 1150.786949, 0.0, 2924.784750, 513.310822, 0.0, 0.0, 1.0 ]
distortion_model: plumb_bob
distortion_coefficients:
  rows: 1
  cols: 5
  data: [0.008251, -0.192935, -0.013036, 0.022588, 0.0 ]
rectification_matrix:
  rows: 3
  cols: 3
  data: [ 1.0, 0.0, 0.0, 0.0, 1.0, 0.0, 0.0, 0.0, 1.0 ]
projection_matrix:
  rows: 3
  cols: 4
  data: [2886.014516, 0.0, 1174.837484, 0.0, 0.0, 2950.267802, 506.425843, 0.0, 0.0, 0.0, 1.0, 0.0 ]