image_width: 1920
image_height: 1080
camera_name: 21511094
camera_matrix:
  rows: 3
  cols: 3
  data: [2802.516886, 0, 1021.591203, 0, 2797.409978, 581.571438, 0, 0, 1]
distortion_model: plumb_bob
distortion_coefficients:
  rows: 1
  cols: 5
  data: [-0.092213, 0.174728, -0.000779, 0.001919, 0]
rectification_matrix:
  rows: 3
  cols: 3
  data: [1, 0, 0, 0, 1.0, 0, 0, 0, 1]
projection_matrix:
  rows: 3
  cols: 4
  data: [2776.375488, 0, 1023.751906, 0, 0, 2785.699707, 581.021534, 0, 0, 0, 1, 0]