image_width: 1920
image_height: 1080
camera_name: 21511088
camera_matrix:
  rows: 3
  cols: 3
  data: [2790.372512, 0, 1000.286110, 0, 2782.909748, 592.693069, 0, 0, 1]
distortion_model: plumb_bob
distortion_coefficients:
  rows: 1
  cols: 5
  data: [-0.137981, 0.297826, 0.000526, 0.004367, 0]
rectification_matrix:
  rows: 3
  cols: 3
  data: [1, 0, 0, 0, 1, 0, 0, 0, 1]
projection_matrix:
  rows: 3
  cols: 4
  data: [2753.113037, 0, 1004.928868, 0, 0, 2766.586914, 592.768945, 0, 0, 0, 1, 0]