image_width: 1920
image_height: 1080
camera_name: 21516700
camera_matrix:
  rows: 3
  cols: 3
  data: [2762.738497, 0, 921.628346, 0, 2768.090428, 579.187651, 0, 0, 1]
distortion_model: plumb_bob
distortion_coefficients:
  rows: 1
  cols: 5
  data: [-0.100415, 0.100383, -0.000823, 0.000958, 0]
rectification_matrix:
  rows: 3
  cols: 3
  data: [1, 0, 0, 0, 1, 0, 0, 0, 1]
projection_matrix:
  rows: 3
  cols: 4
  data: [2731.453857, 0, 921.409426, 0, 0, 2755.360352, 578.668274, 0, 0, 0, 1, 0]