image_width: 1920
image_height: 1080
camera_name: narrow_stereo
camera_matrix:
  rows: 3
  cols: 3
  data: [2812.117225, 0, 1094.585188, 0, 2811.530596, 638.262238, 0, 0, 1]
distortion_model: plumb_bob
distortion_coefficients:
  rows: 1
  cols: 5
  data: [-0.097481, 0.293432, 0.005167, 0.007186, 0]
rectification_matrix:
  rows: 3
  cols: 3
  data: [1, 0, 0, 0, 1, 0, 0, 0, 1]
projection_matrix:
  rows: 3
  cols: 4
  data: [2787.463379, 0, 1101.926976, 0, 0, 2799.274902, 640.190992, 0, 0, 0, 1, 0]